-00000331343000000535039
-00000325393000000534808
-00000284442000000533174
-00000238648000000531339
-00000238398000000530868
-00000237905000000529967
-00000208106000000529110
-00000168086000000527758
-00000167553000000528427
-00000166204000000529613
-00000131445000000528818
-00000122875000000528637
-00000122200000000527124
-00000121934000000526871
-00000073576000000526017
-00000059440000000525625
-00000058946000000526598
-00000058837000000527014
-00000041156000000527175
-00000036961000000527266
-00000034983000000526440
-00000010605000000522952
000000000000000000518359
000000020393000000508555
000000032519000000506583
000000039814000000506294
000000086659000000505871
000000133092000000504494
000000133883000000504480
000000187693000000504130
000000246723000000504615
000000250189000000504647
000000254600000000504681
000000316607000000505244
000000364087000000504523
000000386682000000504060
000000397600000000503987
000000404615000000504009
000000458699000000504866
