-00000490929000000456710
-00000437784000000474476
-00000407479000000484462
-00000395730000000488213
-00000378659000000493882
-00000339218000000496931
-00000313425000000498327
-00000271039000000501804
-00000252084000000501467
-00000237380000000503364
-00000195941000000504528
-00000189460000000504699
-00000144833000000505501
-00000135211000000505622
-00000133314000000505617
-00000074603000000504516
-00000061345000000504546
000000008476000000504651
000000039293000000504877
000000066830000000505560
000000101913000000505476
000000127629000000505909
000000168637000000505853
000000189650000000505883
000000210664000000506045
000000247793000000505782
000000270285000000505404
000000305590000000505441
000000329360000000505623
000000356732000000506352
000000365306000000506969
000000397455000000513492
000000407103000000515682
000000435106000000519122
000000478894000000525143
000000481462000000525637
000000490977000000526297
