-00000453905000000503758
-00000424705000000503139
-00000405196000000502502
-00000394544000000503617
-00000377537000000503131
-00000311798000000502814
-00000270890000000502523
-00000249101000000503003
-00000190514000000504570
-00000186936000000504599
-00000182414000000504589
-00000129049000000504164
-00000098612000000504150
-00000071966000000504304
-00000040119000000504381
-00000008086000000503926
000000016337000000504118
000000054799000000504933
000000079095000000504902
000000111030000000504314
000000135907000000504357
000000176148000000504343
000000195341000000504287
000000235476000000503977
000000249438000000504044
000000295812000000504589
000000310660000000505027
000000336966000000505881
000000356680000000506453
000000405395000000516296
000000407121000000516618
000000409419000000517009
000000472531000000525534
