-00000378439000000538103
-00000376758000000538038
-00000335327000000536372
-00000312343000000535459
-00000260426000000533690
-00000260406000000533685
-00000259676000000532089
-00000258786000000532062
-00000258530000000532054
-00000183058000000529955
-00000182568000000531351
-00000182270000000531550
-00000170535000000531459
-00000128157000000530606
-00000127862000000529948
-00000127629000000528956
-00000105415000000528131
-00000053954000000526629
-00000053650000000527423
-00000053511000000527592
-00000050426000000527915
-00000047152000000528019
-00000030682000000527526
000000000000000000520355
000000020296000000517627
000000041872000000516033
000000062491000000512879
000000078183000000511482
000000119361000000505627
000000127732000000505300
000000144149000000505179
000000183549000000504431
000000214499000000504470
000000258420000000504785
000000280263000000504898
000000295191000000505064
000000348651000000505889
000000374873000000505053
000000407167000000504392
000000464782000000504006
000000472244000000504029
000000489321000000504027
000000496103000000504058
