-00000455298000000502376
-00000417290000000501133
-00000392906000000503686
-00000353972000000502574
-00000310378000000502364
-00000283251000000502171
-00000247814000000502952
-00000212461000000503897
-00000186782000000504106
-00000154331000000504032
-00000128370000000503825
-00000113563000000503818
-00000070468000000504067
-00000058951000000504095
-00000005781000000503341
-00000005543000000503343
000000000000000000503460
000000059380000000504770
000000061717000000504729
000000112495000000503865
000000118001000000503931
000000176988000000504152
000000189877000000504137
000000236057000000504018
000000257508000000504008
000000296022000000504484
000000356868000000505342
000000359045000000505405
000000360445000000505688
000000415810000000516025
000000455559000000522790
000000478661000000526704
