-00000450540000000501755
-00000420483000000500772
-00000392474000000503704
-00000347752000000502427
-00000310004000000502245
-00000286514000000502078
-00000247475000000502938
-00000218254000000503719
-00000186741000000503976
-00000146919000000503885
-00000128191000000503736
-00000117510000000503731
-00000070073000000504005
-00000063922000000504019
-00000034909000000503608
-00000005291000000503477
000000000000000000503510
000000059210000000504817
000000067603000000504668
000000112777000000503900
000000125343000000504050
000000176712000000504242
000000196841000000504220
000000235840000000504119
000000265118000000504105
000000295702000000504483
000000347015000000505207
000000358477000000505117
000000415952000000515467
000000418103000000515868
000000419442000000516096
000000481470000000526604
000000494618000000526931
