-00000315441000000496275
-00000252965000000497568
-00000236159000000498265
-00000231145000000498393
-00000167126000000501642
-00000160782000000501929
-00000148918000000502040
-00000103217000000502795
-00000084303000000503024
-00000037515000000504496
-00000031253000000504498
000000000000000000504809
000000020021000000504990
000000025679000000505045
000000087339000000505538
000000099682000000505349
000000148583000000504022
000000155909000000503991
000000181263000000504238
000000219196000000505031
000000248312000000506152
000000265689000000506046
000000308058000000507548
000000339314000000509305
000000358044000000512125
000000362174000000512206
000000368336000000512788
000000419076000000516677
000000424248000000517300
000000461951000000522216
000000475606000000523076
