-00000279111000000532357
-00000233060000000530155
-00000215017000000528976
-00000214727000000528354
-00000214396000000527532
-00000152851000000525737
-00000148327000000525611
-00000148318000000525669
-00000147738000000527042
-00000147378000000527054
-00000142100000000526979
-00000117321000000526673
-00000116126000000525524
-00000115807000000525232
-00000073749000000523571
-00000064669000000523320
-00000064224000000525079
-00000064156000000525340
-00000060477000000525422
-00000043310000000525531
-00000041004000000524575
-00000031982000000520933
-00000004806000000506859
-00000003444000000506178
000000008744000000506033
000000121003000000504912
000000140998000000504496
000000189776000000503869
000000218997000000504141
000000244309000000504337
000000282872000000504537
000000329136000000504349
000000346914000000504149
000000377613000000504790
000000420593000000505573
000000447731000000505461
000000492679000000505029
