-00000398843000000538395
-00000385328000000537730
-00000380663000000537930
-00000376235000000538385
-00000370993000000538178
-00000343257000000537216
-00000328664000000536629
-00000284554000000534876
-00000281858000000534526
-00000278725000000533585
-00000278666000000533457
-00000222254000000531782
-00000206021000000531230
-00000191690000000530832
-00000191597000000531097
-00000189978000000532182
-00000147499000000531851
-00000130535000000531714
-00000130520000000531625
-00000129736000000529850
-00000123769000000529639
-00000102741000000528847
-00000060563000000527280
-00000051534000000527017
-00000051481000000527156
-00000050822000000527960
-00000050139000000528031
-00000039088000000527216
-00000028992000000527583
-00000020605000000526099
000000017543000000520972
000000055951000000518133
000000064436000000517638
000000072934000000516481
000000116534000000510023
000000149604000000506350
000000158558000000504465
000000176281000000504390
000000228592000000504455
000000264331000000504711
000000285739000000505746
000000328396000000505660
000000362890000000506193
000000410572000000504671
000000416704000000504546
000000429305000000504462
000000465454000000503974
000000492873000000503832
