-00000445376000000501703
-00000418721000000502660
-00000400997000000502673
-00000379885000000505086
-00000323929000000503537
-00000313923000000503488
-00000252383000000503051
-00000251027000000503081
-00000246709000000503196
-00000191080000000503489
-00000134983000000504710
-00000130066000000504671
-00000076228000000504647
-00000074209000000504659
-00000011925000000504809
-00000011536000000504803
000000000000000000504894
000000047190000000505207
000000048230000000505234
000000108303000000505157
000000110363000000505196
000000171817000000505288
000000175520000000505305
000000179991000000505352
000000235403000000505217
000000245161000000505101
000000295745000000505277
000000312839000000505447
000000348942000000506383
000000357383000000507007
000000395649000000515479
000000395816000000515547
000000396012000000515569
000000396419000000515616
000000461988000000525859
000000469298000000527437
000000486492000000528960
