-00000285153000000497963
-00000265935000000498146
-00000265399000000497329
-00000264148000000496575
-00000237837000000497422
-00000228979000000497724
-00000195937000000498521
-00000162245000000499563
-00000158768000000500334
-00000158649000000500626
-00000146697000000501409
-00000130471000000502848
-00000117870000000503831
-00000060882000000508097
-00000051920000000504713
-00000035909000000504487
-00000016354000000504533
000000000000000000504642
000000062306000000505611
000000124696000000505319
000000143384000000505408
000000172781000000505145
000000210349000000504713
000000255560000000504083
000000259606000000504021
000000261685000000503977
000000359777000000504610
000000365929000000504657
000000438439000000504892
000000446399000000504887
000000459276000000505598
