-00000346655000000528001
-00000337319000000528524
-00000325770000000528226
-00000299972000000527917
-00000299363000000526645
-00000299074000000526316
-00000292069000000526545
-00000286114000000526595
-00000254524000000526926
-00000219940000000526928
-00000216003000000526945
-00000210067000000526987
-00000208367000000528581
-00000207892000000528892
-00000172510000000529459
-00000161415000000529553
-00000135662000000529871
-00000135110000000528583
-00000134905000000528328
-00000130032000000528427
-00000127763000000528424
-00000123561000000528421
-00000076978000000528700
-00000052937000000528929
-00000028693000000529103
000000000000000000529197
000000001470000000529179
000000029127000000529475
000000029344000000529832
000000029840000000530246
000000055451000000531730
000000070489000000532240
000000090109000000531621
000000103213000000531054
000000107368000000530738
000000120284000000531059
000000145175000000531147
000000168607000000531410
000000181843000000531256
000000223731000000531233
000000243516000000531530
000000263005000000530827
000000274597000000530265
