-00000348601000000499765
-00000297554000000501222
-00000258999000000499448
-00000237035000000499733
-00000188319000000501584
-00000177874000000501661
-00000120742000000503756
-00000117645000000503759
-00000097140000000504171
-00000062826000000504586
-00000053785000000504870
-00000011989000000504882
000000009181000000505093
000000038999000000505152
000000076207000000505520
000000095392000000505223
000000144532000000504005
000000150709000000504064
000000175026000000504629
000000213261000000505429
000000218638000000505636
000000272991000000505303
000000310615000000506637
000000344813000000506859
000000395688000000507954
000000395922000000507974
000000396251000000508052
000000422940000000519014
000000423722000000519120
000000425737000000519373
000000468930000000523962
