-00000128090000000499955
-00000118159000000501449
-00000070929000000503009
-00000070681000000503016
-00000070410000000503018
-00000004587000000503012
000000047007000000503911
000000064520000000504516
000000077853000000504263
000000099636000000504353
000000165025000000503597
000000175117000000503718
000000192481000000503529
000000231882000000503041
000000256143000000502956
000000303472000000502297
000000308646000000502371
000000325681000000503467
000000359329000000505557
000000390082000000506983
000000439207000000508856
000000493408000000513164
000000497793000000513483
