-00000417219000000500989
-00000390477000000503789
-00000319026000000501748
-00000308273000000501696
-00000301582000000501648
-00000245906000000502875
-00000245007000000502899
-00000236074000000502972
-00000185948000000503340
-00000181773000000503493
-00000125938000000503549
-00000113991000000503790
-00000066104000000504235
-00000045445000000504346
-00000003047000000504158
000000027626000000504352
000000058424000000505032
000000094783000000504388
000000114077000000504060
000000159248000000504601
000000175433000000504661
000000228998000000504601
000000234840000000504586
000000265550000000504571
000000292747000000504524
000000299480000000504476
000000351696000000504393
000000378070000000504760
000000385890000000504796
000000403360000000512851
000000420935000000519564
000000430849000000521110
000000453806000000522838
000000488338000000526102
000000495460000000526284
