-00000203117000000497779
-00000162573000000501694
-00000162434000000501715
-00000162265000000501721
-00000159444000000501760
-00000028697000000503552
-00000024526000000503692
-00000021541000000503719
000000000000000000503929
000000085207000000504896
000000123292000000504487
000000156186000000504011
000000172182000000503859
000000180434000000503815
000000246699000000503901
000000247024000000503902
000000247713000000503920
000000292206000000504551
000000306646000000505480
000000346667000000506853
000000423192000000510381
000000433481000000510773
000000439266000000511233
000000491522000000515179
