-00000351254000000527442
-00000340447000000527985
-00000326359000000527521
-00000310443000000527214
-00000310100000000526438
-00000309386000000525557
-00000290110000000526103
-00000270106000000526198
-00000251385000000526322
-00000230187000000526248
-00000229835000000526924
-00000228848000000527927
-00000209730000000528181
-00000208679000000528203
-00000173127000000528630
-00000172031000000527115
-00000171655000000526892
-00000164027000000526945
-00000131014000000527503
-00000107808000000527402
-00000054693000000527198
-00000050926000000527203
-00000044783000000527233
-00000044729000000527301
-00000043418000000528143
-00000025908000000528578
-00000008953000000529173
000000000000000000529519
000000024954000000528805
000000045235000000528265
000000053753000000527581
000000071134000000528336
000000077322000000528304
000000128686000000529349
000000130397000000529337
000000147761000000529186
000000182592000000528810
000000190454000000528792
000000225328000000530113
000000234211000000529720
000000256431000000527332
