-00000279738000000532385
-00000232597000000530131
-00000215287000000529000
-00000214985000000528352
-00000214668000000527564
-00000150564000000525695
-00000148579000000525639
-00000148575000000525665
-00000147983000000527068
-00000147769000000527075
-00000144623000000527030
-00000117387000000526693
-00000116222000000525572
-00000115872000000525253
-00000074769000000523630
-00000064611000000523348
-00000064176000000525067
-00000064100000000525359
-00000059972000000525452
-00000043238000000525557
-00000040667000000524492
-00000031899000000520952
-00000003688000000506343
-00000003318000000506158
000000000000000000506118
000000120570000000504914
000000142045000000504468
000000188982000000503864
000000219370000000504148
000000245693000000504351
000000283221000000504546
000000328243000000504363
000000347445000000504146
000000380605000000504839
000000421194000000505578
000000446822000000505472
000000493028000000505029
