-00000183935000000497714
-00000161074000000499922
-00000149664000000501638
-00000135821000000502096
-00000031390000000503547
-00000020819000000503546
000000000000000000503908
000000083375000000504854
000000140766000000504237
000000158785000000503976
000000180829000000503768
000000183594000000503753
000000206156000000503782
000000249673000000503631
000000263167000000503443
000000296948000000503922
000000325522000000505761
000000350031000000506602
000000396895000000508762
000000435133000000510221
000000456628000000511929
000000493338000000514701
