-00000174661000000520232
-00000174291000000518542
-00000174162000000518111
-00000094678000000517533
-00000074039000000517350
-00000073995000000517492
-00000073417000000519429
-00000060624000000519781
-00000052814000000519985
-00000052246000000520005
-00000035010000000516890
-00000022094000000510129
-00000017035000000507394
-00000016764000000507241
000000000000000000507029
000000118927000000505589
000000144177000000505111
000000198905000000504253
000000215651000000503981
000000297136000000504628
000000321820000000504653
000000397108000000504002
000000405471000000504107
000000495440000000504600
