-00000334879000000532810
-00000300137000000531391
-00000266435000000530664
-00000265899000000529669
-00000265775000000529398
-00000255291000000529236
-00000215782000000528698
-00000200961000000528462
-00000195857000000528429
-00000193864000000530165
-00000193811000000530318
-00000170650000000530141
-00000140597000000530025
-00000140201000000528541
-00000140183000000528507
-00000139454000000528509
-00000138521000000528494
-00000049762000000527076
-00000049743000000527114
-00000048802000000528023
-00000048664000000528035
-00000047698000000527975
-00000047084000000528060
-00000030368000000528489
-00000022505000000528784
000000008208000000526685
000000020575000000525847
000000024914000000525562
000000026367000000525370
000000074995000000526896
000000093774000000526598
000000100645000000526232
000000102286000000526344
000000135846000000525176
000000154444000000526083
000000162800000000526184
000000199688000000525265
000000223203000000524568
000000266630000000524375
000000342365000000520190
000000384278000000515923
000000390102000000515368
000000438245000000513004
000000452807000000512208
000000494169000000509033
