-00000366955000000537356
-00000357476000000536987
-00000338817000000536237
-00000328465000000535826
-00000304848000000535022
-00000255009000000533072
-00000254509000000532106
-00000254175000000531479
-00000198226000000529964
-00000179218000000529454
-00000178795000000529834
-00000178357000000531149
-00000170322000000530954
-00000126920000000530012
-00000126577000000528547
-00000126549000000528483
-00000124097000000528438
-00000055272000000526432
-00000055162000000526652
-00000054852000000527460
-00000051340000000527481
-00000032666000000528010
-00000029831000000527592
000000000000000000520617
000000018321000000516335
000000021738000000515876
000000025371000000515607
000000060507000000510233
000000087248000000507852
000000098052000000506316
000000129168000000505101
000000190188000000504648
000000199670000000504468
000000207118000000504478
000000217688000000504553
000000272909000000504839
000000310649000000505259
000000341193000000505731
000000356175000000505253
000000402172000000504311
000000448401000000504001
000000478102000000504093
000000482573000000504164
000000488556000000504185
