-00000264808000000497232
-00000213239000000498530
-00000208904000000498804
-00000155637000000501569
-00000118346000000502055
-00000072371000000502685
-00000030187000000504105
000000000000000000504378
000000064244000000505005
000000088243000000505197
000000133039000000504510
000000149071000000504075
000000166535000000504003
000000222744000000504549
000000226349000000504567
000000227554000000504598
000000271190000000506241
000000286263000000506740
000000332226000000508853
000000347256000000509150
000000402958000000514413
000000423830000000515711
000000434486000000516399
000000483468000000519803
