-00000223403000000527354
-00000208054000000527104
-00000188682000000525626
-00000187801000000524319
-00000187705000000523791
-00000152661000000523346
-00000139460000000523043
-00000134896000000522966
-00000095663000000522073
-00000063895000000520948
-00000063824000000521450
-00000063530000000522866
-00000055377000000520175
-00000043704000000520664
-00000014700000000508140
-00000012461000000507584
000000000000000000507405
000000144867000000505088
000000175976000000504685
000000229224000000503924
000000267096000000504143
000000302906000000504029
000000328024000000504317
000000365780000000504774
000000400745000000505391
000000474015000000505140
000000484348000000505044
