-00000176576000000515035
-00000176195000000514338
-00000176075000000513716
-00000105127000000512959
-00000088233000000512760
-00000088141000000513050
-00000087595000000514777
-00000066694000000515461
-00000064009000000515603
-00000043259000000514891
-00000029106000000512844
-00000023145000000509465
-00000016451000000506615
000000115580000000505305
000000151268000000505144
000000177006000000505026
000000241785000000504310
000000279631000000504551
000000359829000000505100
000000377444000000505346
000000445671000000505341
000000488389000000505024
