-00000433883000000498237
-00000422318000000498832
-00000351259000000502973
-00000345606000000503148
-00000283064000000501767
-00000248663000000503150
-00000223445000000503254
-00000190214000000504113
-00000164271000000504705
-00000129433000000505219
-00000103830000000505208
-00000071623000000504578
-00000042172000000504634
000000006179000000504684
000000041315000000504917
000000066397000000505546
000000100694000000505502
000000129324000000506048
000000163487000000506100
000000192994000000506231
000000228628000000506609
000000252954000000506549
000000301437000000505975
000000309897000000506004
000000322121000000506126
000000349022000000515971
000000363865000000522312
000000393831000000527091
000000394880000000527381
000000395778000000527382
000000397388000000527406
000000430567000000527405
000000430904000000526865
000000431375000000526288
000000453207000000526903
000000481745000000527722
