-00000343433000000535826
-00000332907000000535417
-00000260453000000532525
-00000244125000000531871
-00000243494000000530688
-00000243319000000530368
-00000180932000000528573
-00000172599000000528350
-00000170537000000530204
-00000170532000000530219
-00000133632000000529322
-00000124224000000529118
-00000124149000000528801
-00000123514000000527360
-00000067892000000526329
-00000058084000000526044
-00000057498000000527211
-00000057457000000527319
-00000039299000000527428
-00000035464000000527536
-00000013049000000524226
000000000000000000521175
000000020988000000511085
000000045439000000507109
000000060149000000506527
000000079280000000506354
000000098813000000505774
000000117311000000505269
000000132107000000504691
000000160072000000504484
000000194154000000504262
000000235940000000504605
000000257845000000504719
000000295125000000505134
000000325327000000505408
000000344537000000505116
000000391941000000504145
000000414847000000503992
000000429564000000504038
000000466804000000504627
