-00000174526000000520664
-00000174237000000519346
-00000173999000000518549
-00000089470000000517935
-00000071633000000517857
-00000071584000000518184
-00000071044000000519911
-00000054994000000520330
-00000051203000000520463
-00000038357000000518142
-00000023798000000510521
-00000020238000000508579
-00000014925000000507293
000000099189000000505911
000000143906000000505064
000000204520000000504114
000000212449000000503964
000000220996000000504047
000000258764000000504371
000000307002000000504754
000000317942000000504765
000000367115000000504340
000000400858000000504117
000000407993000000504017
000000417777000000503986
000000434111000000504013
