-00000354454000000526633
-00000341065000000527383
-00000324504000000526956
-00000314241000000526833
-00000313999000000526327
-00000312973000000525157
-00000288065000000525969
-00000266891000000526147
-00000250438000000526320
-00000227283000000526321
-00000226953000000526901
-00000225730000000528036
-00000210082000000528296
-00000209330000000528315
-00000176282000000528819
-00000167005000000528967
-00000165187000000528983
-00000160966000000529035
-00000160876000000528824
-00000159646000000527295
-00000130402000000527884
-00000116788000000527868
-00000091570000000527853
-00000065013000000528012
-00000025176000000528392
-00000018382000000528441
-00000000829000000528499
-00000000240000000528897
000000000000000000529158
000000019650000000529894
000000045352000000531297
000000063657000000531033
000000074020000000530706
000000077951000000530536
000000089042000000529693
000000123512000000530548
000000166982000000530702
000000174534000000530651
000000200251000000530702
000000227947000000530686
000000233631000000530772
000000265009000000529640
000000269779000000529409
