-00000331582000000530645
-00000330077000000530729
-00000328217000000530681
-00000321628000000530602
-00000269852000000529337
-00000269215000000528319
-00000269058000000528028
-00000262420000000528098
-00000257358000000528098
-00000225240000000528244
-00000189614000000528494
-00000184625000000528490
-00000175963000000528597
-00000173553000000530097
-00000173364000000530493
-00000154125000000530656
-00000140859000000530820
-00000106518000000531609
-00000097237000000531730
-00000086451000000531851
-00000086349000000531520
-00000085243000000530121
-00000048623000000530383
-00000038457000000530416
-00000032409000000530340
000000000000000000530686
000000046280000000530911
000000080943000000531048
000000081310000000531571
000000081462000000531821
000000108199000000532252
000000123332000000533152
000000132729000000532684
000000153556000000532918
000000207163000000532293
000000215583000000532288
000000242339000000532691
000000258116000000532790
000000261634000000532576
000000263988000000532850
000000283897000000531839
