-00000439370000000499729
-00000419515000000500442
-00000381173000000502614
-00000362819000000503661
-00000334561000000503437
-00000307892000000503248
-00000268357000000502375
-00000249812000000503120
-00000208085000000503293
-00000190890000000503738
-00000148305000000504709
-00000129769000000504982
-00000090067000000504965
-00000072918000000504630
-00000028733000000504713
-00000001621000000504741
000000043868000000505043
000000058502000000505410
000000104001000000505352
000000121083000000505678
000000167107000000505747
000000185400000000505829
000000207489000000506063
000000245326000000505970
000000276978000000505595
000000303746000000505688
000000342423000000506073
000000345603000000507237
000000358232000000512632
000000381571000000522081
000000430992000000527682
000000433621000000527982
000000454129000000527534
000000466403000000528022
000000469577000000527848
000000470403000000527231
000000470604000000526910
000000482134000000527241
000000486658000000527435
