-00000175917000000517447
-00000175551000000515542
-00000175539000000515487
-00000167632000000515397
-00000084158000000514418
-00000083647000000516029
-00000083498000000516501
-00000077779000000516688
-00000060427000000517610
-00000057695000000517516
-00000041099000000515115
-00000030647000000513732
-00000029617000000513544
-00000028687000000513041
-00000018234000000507126
000000000000000000506896
000000148124000000505145
000000224148000000504002
000000233406000000503852
000000241362000000503915
000000266071000000503940
000000320893000000504289
000000344571000000504452
000000431615000000505666
000000432055000000505666
