-00000184271000000509866
-00000183981000000508501
-00000183823000000507900
-00000138483000000508285
-00000099110000000508534
-00000098642000000509444
-00000098254000000510584
-00000082924000000511296
-00000076015000000511553
-00000063227000000512133
-00000031099000000511842
-00000021293000000507820
-00000016887000000505502
000000039414000000505726
000000154986000000505164
000000193113000000504976
000000244547000000504177
000000317679000000504352
000000351992000000504445
000000385086000000504789
000000432341000000505112
000000478640000000505070
