-00000357960000000502800
-00000342880000000503230
-00000277166000000500207
-00000239731000000500693
-00000205900000000501978
-00000180302000000502166
-00000139100000000503676
-00000120139000000503696
-00000069466000000504715
-00000059445000000504808
-00000000894000000505121
000000000000000000505121
000000000233000000505124
000000050941000000505225
000000064226000000505356
000000104717000000504728
000000130542000000504088
000000160087000000504371
000000201246000000505328
000000217329000000505316
000000272738000000504911
000000277915000000504902
000000303034000000504723
000000339250000000504959
000000350272000000505196
000000396412000000506675
000000406214000000510659
000000459957000000523420
000000464909000000523946
000000468832000000524098
