-00000438411000000499414
-00000424365000000499918
-00000373557000000502796
-00000359635000000503590
-00000338202000000503420
-00000317974000000503277
-00000271414000000502248
-00000249573000000503127
-00000211278000000503285
-00000190749000000503816
-00000151624000000504708
-00000129699000000505031
-00000092928000000505015
-00000072649000000504619
-00000031527000000504697
000000000000000000504729
000000043338000000505017
000000060143000000505438
000000103314000000505383
000000122796000000505755
000000166355000000505820
000000186978000000505912
000000211883000000506176
000000246911000000506091
000000282062000000505674
000000305025000000505754
000000338203000000506084
000000346314000000509052
000000378525000000522814
000000379294000000523125
000000381393000000523363
000000425702000000527959
000000436536000000527902
000000445860000000528032
000000452873000000527879
000000456246000000528013
000000461527000000527723
000000462062000000527323
000000462406000000526777
000000482053000000527341
000000489763000000527672
