-00000358137000000525987
-00000342834000000526844
-00000323907000000526356
-00000320980000000526321
-00000320911000000526177
-00000319537000000524609
-00000286175000000525698
-00000257813000000525936
-00000248509000000526034
-00000235415000000526034
-00000234871000000526989
-00000234176000000527634
-00000207960000000528070
-00000206700000000528101
-00000172990000000528615
-00000171745000000527119
-00000171296000000526888
-00000163912000000526957
-00000130578000000527628
-00000111605000000527606
-00000076464000000527584
-00000059362000000527687
-00000017442000000528087
-00000016955000000528595
-00000016821000000528667
-00000015245000000528705
-00000014023000000528746
000000000000000000529270
000000029082000000530359
000000035382000000530703
000000059386000000530357
000000066379000000530246
000000068029000000530139
000000080388000000529199
000000125036000000530307
000000158525000000530425
000000175813000000530310
000000228373000000530413
000000229482000000530456
000000238222000000530080
000000265956000000529079
000000267504000000529004
