-00000177686000000512508
-00000177319000000511063
-00000177184000000510819
-00000108049000000510509
-00000092696000000510406
-00000092587000000510750
-00000092020000000512450
-00000087799000000512603
-00000069657000000513208
-00000043047000000512328
-00000028891000000512156
-00000014733000000506190
-00000014205000000505902
000000000000000000505900
000000154567000000505182
000000234364000000504806
000000246865000000504650
000000256539000000504700
000000329341000000505110
000000360905000000505198
000000365580000000505259
000000373104000000505245
000000448606000000505294
000000487376000000505026
