-00000456930000000502825
-00000452516000000502732
-00000414227000000501480
-00000393321000000503668
-00000359942000000502715
-00000310738000000502478
-00000280119000000502260
-00000248140000000502965
-00000206901000000504068
-00000186821000000504231
-00000161446000000504173
-00000128542000000503911
-00000109775000000503903
-00000070847000000504127
-00000054180000000504167
-00000006365000000503489
000000000000000000503539
000000058662000000504783
000000062759000000504777
000000112201000000503866
000000113689000000503869
000000124003000000503865
000000177254000000504064
000000183194000000504058
000000236265000000503921
000000250205000000503914
000000296330000000504484
000000337627000000505067
000000358446000000505671
000000371832000000508375
000000413608000000516175
000000469247000000525645
000000476482000000526622
000000490819000000527169
