-00000231674000000528484
-00000220496000000528271
-00000192448000000526114
-00000192251000000525824
-00000191218000000524313
-00000190098000000524291
-00000189692000000524287
-00000143981000000523639
-00000135883000000523439
-00000130781000000523345
-00000103877000000522683
-00000064333000000521229
-00000064303000000521438
-00000063950000000523140
-00000060464000000521987
-00000044242000000522495
-00000028247000000515443
-00000014594000000508865
-00000011857000000507502
000000000000000000507350
000000145075000000505090
000000173586000000504732
000000232111000000503914
000000264785000000504093
000000293090000000503992
000000323798000000504357
000000374581000000504996
000000393191000000505330
000000448504000000505122
000000475955000000505056
000000485826000000504972
