-00000312148000000533859
-00000300142000000533285
-00000229817000000530436
-00000229388000000529648
-00000229163000000529161
-00000166944000000527024
-00000160797000000526816
-00000159353000000528629
-00000159333000000528647
-00000158803000000528635
-00000120806000000527835
-00000120658000000527504
-00000119383000000526293
-00000108769000000526105
-00000061522000000524795
-00000061408000000525020
-00000061053000000526377
-00000056993000000526414
-00000039428000000526793
-00000031145000000523337
-00000022438000000522091
000000000000000000512374
000000015523000000506082
000000082286000000505252
000000098357000000505106
000000102770000000504975
000000152735000000504080
000000177451000000503919
000000204566000000504142
000000238673000000504460
000000282086000000504796
000000302786000000504984
000000342391000000504383
000000374919000000504016
000000395464000000504445
000000445851000000505243
000000475201000000505345
