-00000335459000000531826
-00000278138000000529693
-00000275827000000529656
-00000275785000000529581
-00000275221000000528405
-00000234465000000527988
-00000203577000000527736
-00000202999000000528429
-00000201555000000529639
-00000182943000000529693
-00000167686000000529643
-00000147824000000529654
-00000147531000000528647
-00000147204000000528048
-00000135041000000528141
-00000123409000000527997
-00000048700000000527097
-00000048698000000527100
-00000048491000000527278
-00000047624000000528048
-00000029490000000528517
-00000017727000000528956
000000000000000000527962
000000020651000000526819
000000029360000000526355
000000032485000000525990
000000071415000000527396
000000090143000000527163
000000106245000000527339
000000131105000000526843
000000142209000000526601
000000187170000000527285
000000191768000000527439
000000196832000000526969
000000251894000000525787
