-00000363586000000485720
-00000362422000000484885
-00000361670000000483959
-00000330118000000485692
-00000313077000000486794
-00000288424000000488225
-00000246074000000490582
-00000244747000000490651
-00000242111000000490797
-00000241293000000492849
-00000241247000000492963
-00000239948000000493107
-00000219374000000495458
-00000209318000000496403
-00000187435000000499297
-00000168345000000500497
-00000152429000000502121
-00000103495000000504909
-00000080739000000504916
-00000047007000000504483
000000000000000000504585
000000024769000000504768
000000065292000000505589
000000110244000000505404
000000132910000000505627
000000202456000000505172
000000202903000000505168
000000203190000000505165
000000252243000000504533
000000286534000000503874
000000291763000000503819
000000295714000000503818
000000365375000000504483
000000393133000000504785
000000408085000000504424
000000438422000000504397
000000459126000000504668
000000492832000000504739
000000499513000000505262
