-00000176069000000516936
-00000175998000000516807
-00000175668000000515099
-00000161937000000514953
-00000085059000000514051
-00000084642000000515370
-00000084405000000516120
-00000075326000000516417
-00000061219000000517166
-00000054500000000516935
-00000029321000000513292
-00000018717000000507282
-00000018241000000507079
000000000000000000506899
000000148750000000505140
000000228454000000503942
000000235663000000503863
000000311763000000504347
000000347947000000504595
000000419628000000505595
000000435068000000505594
