-00000302660000000493824
-00000302127000000492586
-00000301695000000491997
-00000268475000000493348
-00000228952000000495079
-00000209119000000495887
-00000187965000000496793
-00000187891000000497009
-00000187094000000498817
-00000185444000000498953
-00000156835000000500661
-00000100578000000504103
-00000075683000000506108
-00000072114000000504934
-00000039367000000504485
-00000007771000000504558
000000013543000000504707
000000063873000000505600
000000116740000000505364
000000137886000000505512
000000182665000000505155
000000205904000000504915
000000227079000000504644
000000254790000000504247
000000272826000000503876
000000321164000000504144
000000379158000000504547
000000403858000000504614
000000465566000000504514
000000483500000000505438
