-00000352271000000536401
-00000338399000000535862
-00000274426000000533309
-00000248157000000532281
-00000248094000000532158
-00000247319000000530703
-00000240069000000530507
-00000175086000000528765
-00000173640000000530065
-00000173472000000530568
-00000147418000000529935
-00000125237000000529454
-00000125061000000528705
-00000124655000000527782
-00000089010000000527122
-00000057027000000526190
-00000056620000000527001
-00000056478000000527372
-00000043823000000527448
-00000034413000000527715
-00000019354000000525491
000000009185000000518818
000000021422000000512935
000000054884000000507493
000000072233000000506807
000000074909000000506681
000000105108000000505857
000000131003000000504845
000000179945000000504482
000000198877000000504359
000000222089000000504550
000000263505000000504764
000000330415000000505508
000000331657000000505528
000000332266000000505508
000000395785000000504208
000000427454000000503996
000000447801000000504059
000000472729000000504453
