-00000349966000000535372
-00000342728000000535146
-00000279604000000533096
-00000259351000000532499
-00000259176000000532144
-00000258558000000530926
-00000194184000000529829
-00000186648000000529702
-00000186594000000529751
-00000186072000000531363
-00000184989000000531345
-00000182573000000531314
-00000132193000000530910
-00000131721000000529888
-00000131553000000529194
-00000062864000000527320
-00000051029000000527044
-00000050990000000527137
-00000050240000000527989
-00000049800000000528033
-00000045385000000527722
-00000040235000000528204
-00000030566000000528435
-00000028200000000528519
-00000015522000000527376
000000000000000000525421
000000018993000000523551
000000028360000000523185
000000065961000000522484
000000092701000000519932
000000101670000000519055
000000156469000000520296
000000157454000000520243
000000157989000000520254
000000184717000000509525
000000196093000000509105
000000208521000000509266
000000221341000000510297
000000253566000000508218
000000254416000000508273
000000284983000000514481
000000297426000000514118
000000314724000000513615
000000382931000000509943
000000399587000000508134
000000432109000000506705
000000449924000000506034
000000463644000000504803
000000489152000000502380
